0
0
0
0
0
0
4
12
12
16
20
28
28
28
28
28
28
32
36
44
44
44
44
44
48
48
60
68
68
88
92
92
112
124
136
136
152
152
160
160
160
186
202
224
264
268
268
332
344
360
360
360
360
368
376
376
376
376
376
376
376
376
376
384
384
388
396
396
400
404
404
412
428
448
452
452
452
452
452
452
464
472
476
496
496
496
500
500
504
512
516
524
540
576
576
628
648
648
648
652
652
660
732
740
740
740
740
740
740
740
876
876
876
876
876
876
876
876
876
876
876
876
876
876
876
876
876
880
884
884
892
908
916
916
916
924
924
924
956
956
956
956
956
956
964
972
996
996
996
1000
1004
1004
1004
1004
1004
1004
1012
1012
1012
1012
1012
1012
1012
1012
1012
1012
1012
1012
1012
1012
1012
1012
1012
1012
1012
1012
1012
1012
0
0
0
0
0
4
8
16
20
20
24
28
28
28
28
28
40
40
52
52
52
84
84
84
84
108
108
108
108
108
108
116
120
120
120
120
124
124
128
128
140
156
196
212
228
260
260
260
260
264
268
268
268
280
284
284
284
284
288
320
320
320
320
320
336
336
340
340
340
340
360
368
368
388
420
488
500
516
516
520
520
520
520
532
532
564
564
584
584
588
588
592
600
620
664
664
664
664
664
668
676
676
676
680
680
684
684
684
684
692
708
712
716
748
752
752
752
752
752
752
760
780
856
856
860
860
872
786
788
896
896
896
900
916
916
916
916
1080
1088
1088
1092
1104
1104
1104
1108
1112
1140
1156
1192
1196
1204
1204
1276
1276
1280
1280
1284
1284
1284
1292
1296
1296
1296
1300
1308
1328
1332
1332
1332
1332
1332
1332
1332
1332
1332
1332
1332
1332
1332
1332
1332
1332
1332
1332
1332
1332
1332
1332
0
0
0
0
8
16
16
20
28
32
32
32
32
36
44
48
48
48
64
64
80
80
80
84
84
92
100
124
128
128
128
144
176
176
184
192
196
200
208
224
224
224
240
240
244
244
280
288
304
308
308
308
320
320
384
384
384
400
416
424
424
428
432
432
440
460
492
492
496
496
500
508
524
532
548
548
552
552
556
556
564
564
564
572
580
584
592
608
608
608
608
608
608
652
660
660
680
744
748
884
904
904
908
908
924
940
940
944
944
984
992
1000
1000
1004
1004
1004
1004
1008
1008
1008
1008
1008
1020
1020
1020
1036
1036
1036
1044
1044
1048
1056
1056
1056
1068
1092
1128
1128
1128
1128
1128
1128
1128
1132
1132
1132
1132
1132
1132
1132
1132
1132
1132
1132
1132
1132
1132
1132
1132
1132
1132
1132
1132
1132
1132
1132
0
0
4
12
12
12
12
12
12
12
12
12
12
12
12
12
24
28
32
32
32
44
68
68
72
72
72
72
76
76
76
84
104
104
104
104
104
104
128
144
144
148
152
200
204
220
200
224
224
228
232
232
236
284
348
348
348
348
348
356
372
372
380
396
416
428
428
428
460
460
460
460
460
460
460
460
460
464
464
464
464
464
472
480
480
480
480
480
500
512
524
548
548
548
552
552
552
552
552
556
556
568
576
596
628
632
640
660
660
660
664
668
676
680
760
776
776
776
780
780
784
784
784
784
784
788
792
804
836
840
840
844
852
888
892
940
940
1004
1008
1008
1012
1020
1036
1040
1192
1232
1232
1232
1236
1236
1240
1244
1252
1272
1272
1272
1276
1276
1308
1312
1324
1324
1336
1340
1340
1348
1364
1364
1364
1364
1432
1448
1492
1492
1492
1496
1504
1508
1528
1536
1544
1556
1560
1560
1688
1688
1688
1948
1948
1952
1964
1968
1968
2000
2016
2016
2016
2016
2048
2052
2052
2052
2052
2060
2068
2068
2088
2128
2144
2148
2148
2212
2212
2216
2228
2228
2228
2228
2228
2228
2228
2228
2228
2232
2232
2232
2232
2256
2276
2308
2324
2324
2328
2328
2328
2348
2356
2360
2360
2360
2364
2372
2372
2396
2400
2400
2404
2412
2412
2412
2500
2500
2500
2500
2632
2640
2676
2676
2676
2676
2676
2676
2684
2692
2692
2692
2696
2696
2696
2696
2700
2700
2704
2704
2704
2704
2704
2704
2704
2704
2704
2704
2704
2704
2704
2704
2704
2704
2704
2704
2704
2704
2704
2704
2704
0
0
4
4
8
8
16
16
24
24
24
24
24
24
24
24
24
36
40
56
56
56
56
64
80
96
132
140
144
144
152
152
152
160
160
160
160
168
176
176
176
180
184
200
200
204
220
244
244
248
248
248
248
252
252
252
252
252
252
260
268
272
272
280
284
292
328
328
328
356
356
356
364
368
368
388
420
420
420
420
488
500
500
500
500
500
500
500
500
504
528
532
544
544
544
556
564
568
584
588
596
600
620
620
652
652
656
664
668
680
684
700
700
700
772
772
796
808
812
844
852
852
856
856
856
868
868
896
924
924
1084
1084
1088
1088
1088
1088
1092
1092
1104
1108
1112
1120
1124
1148
1148
1152
1152
1152
1152
1156
1160
1168
1172
1180
1180
1180
1180
1180
1180
1180
1180
1180
1180
1180
1180
1180
1180
1180
1180
1180
1180
1180
1180
1180
1180